          10   208.06814994210282     
          11  -247.74295554988686     
          12   2318.5657615610403     
          13   2377.9407919362429     
          14   2452.6859272622382     
          15   2526.9760926448494     
          16   2590.5754251076501     
          17   2647.9625563270788     
          18   2707.7016406279445     
          19   2770.2100046883966     
          20   2830.8580362652301     
          21   2890.2230851546610     
          22   2953.1682844056149     
          23   3023.0844809508585     
          24   3099.5771781372218     
          25   3179.4742171678031     
          26   3258.9365691458243     
          27   3335.0888084648127     
          28   3406.6224017520585     
          29   3473.5887000073044     
          30   3536.8694008472589     
          31   3597.7025075551819     
          32   3657.3779106918282     
          33   3717.0262315174618     
          34   3777.4232188836190     
          35   3838.8326977197275     
          36   3900.9608443733696     
          37   3963.0549121905938     
          38   4024.1109213889636     
          39   4083.1147721778157     
          40   4139.2437368663150     
          41   4191.9850106950007     
          42   4241.1630698375939     
          43   4286.8930592622637     
          44   4329.4888137606231     
          45   4369.3544910491564     
          46   4406.8837721972213     
          47   4442.3841616778464     
          48   4476.0371587310519     
          49   4507.8975094974194     
          50   4537.9265636783866     
          51   4566.0475649377922     
          52   4592.2066318812322     
          53   4616.4234757643280     
          54   4638.8202194448131     
          55   4659.6234418347813     
          56   4679.1417646899790     
          57   4697.7272217874961     
          58   4715.7321986099350     
          59   4733.4743250368338     
          60   4751.2191807634608     
          61   4769.1853606004715     
          62   4787.5693485619104     
          63   4806.5804528242725     
          64   4826.4707772968286     
          65   4847.5436254910446     
          66   4870.1268961568649     
          67   4894.5060495715425     
          68   4920.8232312454957     
          69   4948.9631621705648     
          70   4978.4591706739047     
          71   5008.4599069242595     
          72   5037.7945319573309     
          73   5065.1588856029084     
          74   5089.4174619236610     
          75   5109.9783683202686     
          76   5127.1537583305462     
          77   5142.3699183425524     
          78   5158.0503119559353     
          79   5176.9939855779849     
          80   5201.1569591965799     
          81   5229.9156566698584     
          82   5258.0576670534374     
          83   5273.7655299289872     
          84   5256.4744713132604     
          85   5171.2551368623726     
          86   8211.4541899331525     
          87   8322.7282935473704     
          88   7928.0631547356488     
          89   7277.5757437761722     
          90   7671.3118389168094     
          91   32238.546070177334     
          92   31693.605481514533     
          93   31372.801364263229     
          94   31294.955687269245     
          95   31278.751982571448     
